AERONET Data Download (Version 3 Direct Sun and Inversion Algorithms)
AERONET Version 3
Birdsville
Version 3: Almucantar Level 1.5 Inversion
The following data are cloud cleared and quality controls have been applied but these data may not have final calibration applied.  These data may change.
Daily Averages,Contact: PI=Ian_Lau; PI Email=ian.lau@csiro.au 
AERONET_AERONET_Site,Date(dd:mm:yyyy),Time(hh:mm:ss),Day_of_Year,Day_of_Year(fraction),VolC-T,REff-T,VMR-T,Std-T,VolC-F,REff-F,VMR-F,Std-F,VolC-C,REff-C,VMR-C,Std-C,N[VolC-T],N[REff-T],N[VMR-T],N[Std-T],N[VolC-F],N[REff-F],N[VMR-F],N[Std-F],N[VolC-C],N[REff-C],N[VMR-C],N[Std-C],Latitude(Degrees),Longitude(Degrees),Elevation(m),Level,Retrieval_Measurement_Scan_Type
Birdsville,01:01:2019,12:00:00,1,1.000000,0.051000,0.456500,1.414500,1.427500,0.011000,0.117500,0.134000,0.545500,0.041000,1.864500,2.623000,0.811000,2,2,2,2,2,2,2,2,2,2,2,2,-25.898930,139.345960,46.500000,lev15,Almucantar
Birdsville,02:01:2019,12:00:00,2,2.000000,0.047000,0.607000,1.506000,1.222000,0.008000,0.141000,0.164000,0.554000,0.039000,1.771000,2.346000,0.742000,1,1,1,1,1,1,1,1,1,1,1,1,-25.898930,139.345960,46.500000,lev15,Almucantar
Birdsville,03:01:2019,12:00:00,3,3.000000,0.064000,0.724000,1.741000,1.140000,0.007000,0.128000,0.148000,0.570000,0.057000,1.817000,2.391000,0.737000,1,1,1,1,1,1,1,1,1,1,1,1,-25.898930,139.345960,46.500000,lev15,Almucantar
Birdsville,04:01:2019,12:00:00,4,4.000000,0.072000,0.877500,2.329000,1.158500,0.006000,0.120000,0.136500,0.556500,0.065500,2.223500,3.054500,0.774000,2,2,2,2,2,2,2,2,2,2,2,2,-25.898930,139.345960,46.500000,lev15,Almucantar
Birdsville,08:01:2019,12:00:00,8,8.000000,0.100000,1.079000,2.510500,0.998000,0.006000,0.108500,0.126000,0.593000,0.094500,2.356500,3.017000,0.669000,2,2,2,2,2,2,2,2,2,2,2,2,-25.898930,139.345960,46.500000,lev15,Almucantar
Birdsville,09:01:2019,12:00:00,9,9.000000,0.139000,1.137333,2.431667,0.928333,0.007000,0.106000,0.129333,0.675667,0.132333,2.244333,2.821333,0.648667,3,3,3,3,3,3,3,3,3,3,3,3,-25.898930,139.345960,46.500000,lev15,Almucantar
Birdsville,10:01:2019,12:00:00,10,10.000000,0.132667,1.056333,2.525667,1.031000,0.007333,0.105667,0.121000,0.564667,0.125333,2.300000,3.033333,0.719667,3,3,3,3,3,3,3,3,3,3,3,3,-25.898930,139.345960,46.500000,lev15,Almucantar
Birdsville,11:01:2019,12:00:00,11,11.000000,0.055500,0.909500,2.183750,1.093000,0.004750,0.129000,0.149750,0.575750,0.050750,2.100500,2.804000,0.736250,4,4,4,4,4,4,4,4,4,4,4,4,-25.898930,139.345960,46.500000,lev15,Almucantar
Birdsville,12:01:2019,12:00:00,12,12.000000,0.384000,1.205000,2.836500,0.928000,0.018500,0.098500,0.108000,0.453500,0.365500,2.789500,3.349000,0.570500,2,2,2,2,2,2,2,2,2,2,2,2,-25.898930,139.345960,46.500000,lev15,Almucantar
Birdsville,13:01:2019,12:00:00,13,13.000000,0.091500,0.952000,2.550500,1.106000,0.007000,0.115000,0.129500,0.523000,0.084000,2.514500,3.290500,0.692500,2,2,2,2,2,2,2,2,2,2,2,2,-25.898930,139.345960,46.500000,lev15,Almucantar
Birdsville,14:01:2019,12:00:00,14,14.000000,0.070667,1.019667,2.414667,1.044000,0.005667,0.130667,0.151000,0.552333,0.065333,2.361667,3.047000,0.675333,3,3,3,3,3,3,3,3,3,3,3,3,-25.898930,139.345960,46.500000,lev15,Almucantar
Birdsville,15:01:2019,12:00:00,15,15.000000,0.037667,0.669333,1.770333,1.227333,0.005000,0.130000,0.149667,0.553333,0.032333,1.931000,2.616000,0.761333,3,3,3,3,3,3,3,3,3,3,3,3,-25.898930,139.345960,46.500000,lev15,Almucantar
Birdsville,16:01:2019,12:00:00,16,16.000000,0.033000,0.585500,1.622500,1.284000,0.005000,0.127000,0.144500,0.541000,0.028000,1.907500,2.574500,0.760000,2,2,2,2,2,2,2,2,2,2,2,2,-25.898930,139.345960,46.500000,lev15,Almucantar
Birdsville,17:01:2019,12:00:00,17,17.000000,0.070000,0.810333,2.168000,1.157667,0.007000,0.121667,0.138000,0.534333,0.063000,2.243333,2.957333,0.711333,3,3,3,3,3,3,3,3,3,3,3,3,-25.898930,139.345960,46.500000,lev15,Almucantar
Birdsville,19:01:2019,12:00:00,19,19.000000,0.051000,0.721333,1.954667,1.204000,0.006000,0.122667,0.141000,0.554333,0.045000,2.084000,2.787000,0.738000,3,3,3,3,3,3,3,3,3,3,3,3,-25.898930,139.345960,46.500000,lev15,Almucantar
Birdsville,20:01:2019,12:00:00,20,20.000000,0.177000,0.950000,2.265333,0.997333,0.009667,0.091667,0.106333,0.613667,0.167000,2.153000,2.718333,0.663000,3,3,3,3,3,3,3,3,3,3,3,3,-25.898930,139.345960,46.500000,lev15,Almucantar
Birdsville,21:01:2019,12:00:00,21,21.000000,0.041000,0.533500,1.496500,1.313500,0.008000,0.127000,0.143000,0.503500,0.033500,1.938500,2.552500,0.721000,2,2,2,2,2,2,2,2,2,2,2,2,-25.898930,139.345960,46.500000,lev15,Almucantar
Birdsville,23:01:2019,12:00:00,23,23.000000,0.079000,0.703333,1.827000,1.175000,0.009333,0.121667,0.137667,0.525000,0.069667,1.994000,2.592667,0.709000,3,3,3,3,3,3,3,3,3,3,3,3,-25.898930,139.345960,46.500000,lev15,Almucantar
Birdsville,24:01:2019,12:00:00,24,24.000000,0.079500,0.910500,2.152000,1.070000,0.007000,0.127000,0.147000,0.559500,0.073500,2.126000,2.761500,0.699500,2,2,2,2,2,2,2,2,2,2,2,2,-25.898930,139.345960,46.500000,lev15,Almucantar
Birdsville,05:02:2019,12:00:00,36,36.000000,0.028000,0.598000,1.543000,1.247000,0.005000,0.133000,0.153000,0.542000,0.024000,1.787000,2.396000,0.763000,1,1,1,1,1,1,1,1,1,1,1,1,-25.898930,139.345960,46.500000,lev15,Almucantar
Birdsville,08:02:2019,12:00:00,39,39.000000,0.163500,1.147500,2.237500,0.896500,0.007500,0.111000,0.132000,0.632000,0.156500,2.044500,2.556000,0.652500,2,2,2,2,2,2,2,2,2,2,2,2,-25.898930,139.345960,46.500000,lev15,Almucantar
Birdsville,09:02:2019,12:00:00,40,40.000000,0.116000,0.951333,2.401667,1.019667,0.007000,0.095000,0.108667,0.575000,0.109000,2.285333,2.937000,0.661667,3,3,3,3,3,3,3,3,3,3,3,3,-25.898930,139.345960,46.500000,lev15,Almucantar
Birdsville,10:02:2019,12:00:00,41,41.000000,0.056500,1.151500,2.247750,0.946750,0.002750,0.141000,0.169000,0.616750,0.053750,2.006750,2.623750,0.714000,4,4,4,4,4,4,4,4,4,4,4,4,-25.898930,139.345960,46.500000,lev15,Almucantar
Birdsville,11:02:2019,12:00:00,42,42.000000,0.017000,0.729667,1.662667,1.191333,0.002333,0.166333,0.193333,0.543667,0.015333,1.767667,2.451667,0.807667,3,3,3,3,3,3,3,3,3,3,3,3,-25.898930,139.345960,46.500000,lev15,Almucantar
Birdsville,12:02:2019,12:00:00,43,43.000000,0.086667,0.744333,1.745667,1.255667,0.006333,0.125000,0.143333,0.554000,0.080333,2.020000,2.728667,0.760000,3,3,3,3,3,3,3,3,3,3,3,3,-25.898930,139.345960,46.500000,lev15,Almucantar
Birdsville,13:02:2019,12:00:00,44,44.000000,0.208000,1.190500,2.233000,0.827500,0.007500,0.094500,0.113000,0.667500,0.200500,2.051500,2.485000,0.602000,2,2,2,2,2,2,2,2,2,2,2,2,-25.898930,139.345960,46.500000,lev15,Almucantar
Birdsville,14:02:2019,12:00:00,45,45.000000,0.066000,1.574500,2.803500,0.846000,0.002500,0.154000,0.187500,0.621500,0.063500,2.410500,3.099500,0.667500,2,2,2,2,2,2,2,2,2,2,2,2,-25.898930,139.345960,46.500000,lev15,Almucantar
Birdsville,15:02:2019,12:00:00,46,46.000000,0.054750,1.309250,2.628750,0.906000,0.002750,0.138000,0.164750,0.608000,0.052250,2.430750,3.067500,0.636500,4,4,4,4,4,4,4,4,4,4,4,4,-25.898930,139.345960,46.500000,lev15,Almucantar
Birdsville,16:02:2019,12:00:00,47,47.000000,0.088000,0.776800,2.165600,1.178400,0.009800,0.122800,0.137000,0.487000,0.078000,2.414200,3.081400,0.661400,5,5,5,5,5,5,5,5,5,5,5,5,-25.898930,139.345960,46.500000,lev15,Almucantar
Birdsville,17:02:2019,12:00:00,48,48.000000,0.080833,0.871333,2.201167,1.089333,0.006833,0.116167,0.132167,0.538000,0.074000,2.245000,2.869333,0.672500,6,6,6,6,6,6,6,6,6,6,6,6,-25.898930,139.345960,46.500000,lev15,Almucantar
Birdsville,18:02:2019,12:00:00,49,49.000000,0.084833,0.528667,1.499500,1.372667,0.020000,0.134000,0.146500,0.431500,0.064833,2.258167,2.899000,0.675167,6,6,6,6,6,6,6,6,6,6,6,6,-25.898930,139.345960,46.500000,lev15,Almucantar
Birdsville,19:02:2019,12:00:00,50,50.000000,0.151000,0.775167,1.894000,1.067833,0.012667,0.103000,0.117833,0.566000,0.138000,1.959500,2.454833,0.656833,6,6,6,6,6,6,6,6,6,6,6,6,-25.898930,139.345960,46.500000,lev15,Almucantar
Birdsville,20:02:2019,12:00:00,51,51.000000,0.047833,0.731000,1.875167,1.191167,0.006000,0.139167,0.161833,0.563833,0.041333,2.026167,2.715333,0.737667,6,6,6,6,6,6,6,6,6,6,6,6,-25.898930,139.345960,46.500000,lev15,Almucantar
Birdsville,21:02:2019,12:00:00,52,52.000000,0.036143,0.953429,2.281714,1.085571,0.003000,0.137000,0.162286,0.591857,0.033143,2.251714,2.970714,0.707714,7,7,7,7,7,7,7,7,7,7,7,7,-25.898930,139.345960,46.500000,lev15,Almucantar
Birdsville,23:02:2019,12:00:00,54,54.000000,0.073000,1.087000,2.416000,0.989000,0.005000,0.130000,0.150000,0.547000,0.068000,2.346000,2.962000,0.649000,1,1,1,1,1,1,1,1,1,1,1,1,-25.898930,139.345960,46.500000,lev15,Almucantar
Birdsville,25:02:2019,12:00:00,56,56.000000,0.059000,0.693000,1.916000,1.236000,0.008000,0.127000,0.143000,0.503000,0.051000,2.113000,2.838000,0.740000,1,1,1,1,1,1,1,1,1,1,1,1,-25.898930,139.345960,46.500000,lev15,Almucantar
Birdsville,26:02:2019,12:00:00,57,57.000000,0.038000,0.483000,1.462000,1.370200,0.006400,0.103600,0.121000,0.607400,0.031600,1.732200,2.420200,0.819800,5,5,5,5,5,5,5,5,5,5,5,5,-25.898930,139.345960,46.500000,lev15,Almucantar
Birdsville,27:02:2019,12:00:00,58,58.000000,0.036667,0.428833,1.278833,1.413667,0.007500,0.108667,0.125667,0.584000,0.029333,1.664500,2.333000,0.822667,6,6,6,6,6,6,6,6,6,6,6,6,-25.898930,139.345960,46.500000,lev15,Almucantar
Birdsville,07:10:2019,12:00:00,280,280.000000,0.035375,0.414250,1.280500,1.481750,0.009500,0.130500,0.144250,0.460625,0.026000,2.187500,2.890875,0.710000,8,8,8,8,8,8,8,8,8,8,8,8,-25.898930,139.345960,46.500000,lev15,Almucantar
Birdsville,08:10:2019,12:00:00,281,281.000000,0.216375,0.985625,2.269125,0.991625,0.011250,0.105375,0.118125,0.521625,0.205000,2.314625,2.841375,0.610500,8,8,8,8,8,8,8,8,8,8,8,8,-25.898930,139.345960,46.500000,lev15,Almucantar
Birdsville,09:10:2019,12:00:00,282,282.000000,0.045000,0.819857,2.084571,1.135286,0.005000,0.134571,0.152857,0.514143,0.040000,2.281714,2.905714,0.665000,7,7,7,7,7,7,7,7,7,7,7,7,-25.898930,139.345960,46.500000,lev15,Almucantar
Birdsville,10:10:2019,12:00:00,283,283.000000,0.015375,0.343625,0.988000,1.542375,0.005250,0.136125,0.150375,0.461125,0.009875,2.004375,2.753375,0.765750,8,8,8,8,8,8,8,8,8,8,8,8,-25.898930,139.345960,46.500000,lev15,Almucantar
Birdsville,11:10:2019,12:00:00,284,284.000000,0.019889,0.298333,0.829111,1.570778,0.007889,0.131667,0.144111,0.438778,0.012000,1.939222,2.675778,0.779889,9,9,9,9,9,9,9,9,9,9,9,9,-25.898930,139.345960,46.500000,lev15,Almucantar
Birdsville,12:10:2019,12:00:00,285,285.000000,0.040222,0.547111,1.623778,1.353444,0.007556,0.130889,0.146222,0.485000,0.032667,2.155778,2.873000,0.723111,9,9,9,9,9,9,9,9,9,9,9,9,-25.898930,139.345960,46.500000,lev15,Almucantar
Birdsville,13:10:2019,12:00:00,286,286.000000,0.422400,1.166600,2.405400,0.912800,0.016400,0.101400,0.117400,0.593400,0.406200,2.379000,2.863800,0.582000,5,5,5,5,5,5,5,5,5,5,5,5,-25.898930,139.345960,46.500000,lev15,Almucantar
Birdsville,14:10:2019,12:00:00,287,287.000000,0.077200,0.647400,1.936000,1.277600,0.011200,0.119600,0.132000,0.467600,0.066400,2.335000,3.031800,0.688200,5,5,5,5,5,5,5,5,5,5,5,5,-25.898930,139.345960,46.500000,lev15,Almucantar
Birdsville,15:10:2019,12:00:00,288,288.000000,0.104400,0.648800,1.790600,1.206000,0.013200,0.114800,0.127000,0.480800,0.091000,2.082600,2.645600,0.673000,5,5,5,5,5,5,5,5,5,5,5,5,-25.898930,139.345960,46.500000,lev15,Almucantar
Birdsville,16:10:2019,12:00:00,289,289.000000,0.134000,0.432000,1.593000,1.483000,0.026000,0.098000,0.105000,0.388000,0.108000,2.355000,3.066000,0.697000,1,1,1,1,1,1,1,1,1,1,1,1,-25.898930,139.345960,46.500000,lev15,Almucantar
Birdsville,17:10:2019,12:00:00,290,290.000000,0.127500,0.898000,2.349500,1.092000,0.010000,0.109500,0.122500,0.504500,0.117500,2.328000,3.019000,0.680000,2,2,2,2,2,2,2,2,2,2,2,2,-25.898930,139.345960,46.500000,lev15,Almucantar
Birdsville,18:10:2019,12:00:00,291,291.000000,0.021714,0.540143,1.535857,1.369714,0.004571,0.137429,0.155571,0.509857,0.017286,2.069000,2.810857,0.751000,7,7,7,7,7,7,7,7,7,7,7,7,-25.898930,139.345960,46.500000,lev15,Almucantar
Birdsville,19:10:2019,12:00:00,292,292.000000,0.037667,0.561333,1.494000,1.291000,0.007333,0.139667,0.158000,0.506667,0.030667,1.930000,2.541000,0.724667,3,3,3,3,3,3,3,3,3,3,3,3,-25.898930,139.345960,46.500000,lev15,Almucantar
Birdsville,20:10:2019,12:00:00,293,293.000000,0.039600,0.882800,2.214600,1.112600,0.004200,0.136200,0.155200,0.521000,0.035600,2.353200,3.007200,0.663600,5,5,5,5,5,5,5,5,5,5,5,5,-25.898930,139.345960,46.500000,lev15,Almucantar
Birdsville,21:10:2019,12:00:00,294,294.000000,0.018500,0.505000,1.414500,1.375000,0.004500,0.147500,0.165000,0.484000,0.014000,2.084500,2.768000,0.719000,2,2,2,2,2,2,2,2,2,2,2,2,-25.898930,139.345960,46.500000,lev15,Almucantar
Birdsville,22:10:2019,12:00:00,295,295.000000,0.049000,0.905750,2.156750,1.079250,0.005000,0.142500,0.161750,0.511250,0.044250,2.299250,2.894750,0.646250,4,4,4,4,4,4,4,4,4,4,4,4,-25.898930,139.345960,46.500000,lev15,Almucantar
Birdsville,23:10:2019,12:00:00,296,296.000000,0.074333,0.635667,1.734667,1.233000,0.010333,0.124667,0.140667,0.519333,0.064000,2.057667,2.656000,0.691667,3,3,3,3,3,3,3,3,3,3,3,3,-25.898930,139.345960,46.500000,lev15,Almucantar
Birdsville,24:10:2019,12:00:00,297,297.000000,0.061750,0.599750,1.715000,1.287500,0.009500,0.125250,0.141000,0.506500,0.051750,2.073250,2.750250,0.726500,4,4,4,4,4,4,4,4,4,4,4,4,-25.898930,139.345960,46.500000,lev15,Almucantar
Birdsville,25:10:2019,12:00:00,298,298.000000,0.073500,0.775500,2.013500,1.158500,0.009000,0.133500,0.150500,0.504500,0.064500,2.239500,2.865500,0.671000,2,2,2,2,2,2,2,2,2,2,2,2,-25.898930,139.345960,46.500000,lev15,Almucantar
Birdsville,26:10:2019,12:00:00,299,299.000000,0.069000,0.767000,1.891000,1.112000,0.007000,0.123000,0.143000,0.578000,0.061000,2.013000,2.565000,0.680000,1,1,1,1,1,1,1,1,1,1,1,1,-25.898930,139.345960,46.500000,lev15,Almucantar
Birdsville,28:10:2019,12:00:00,301,301.000000,0.052000,0.877000,1.991000,1.088000,0.006000,0.158000,0.181000,0.526000,0.046000,2.095000,2.702000,0.689000,1,1,1,1,1,1,1,1,1,1,1,1,-25.898930,139.345960,46.500000,lev15,Almucantar
Birdsville,30:10:2019,12:00:00,303,303.000000,0.032000,0.398000,0.975000,1.346000,0.009000,0.135000,0.151000,0.496000,0.024000,1.480000,1.959000,0.779000,1,1,1,1,1,1,1,1,1,1,1,1,-25.898930,139.345960,46.500000,lev15,Almucantar
Birdsville,31:10:2019,12:00:00,304,304.000000,0.012500,0.199250,0.361500,1.286250,0.007750,0.129000,0.143250,0.471500,0.005000,1.144250,1.479000,0.775250,4,4,4,4,4,4,4,4,4,4,4,4,-25.898930,139.345960,46.500000,lev15,Almucantar
Birdsville,01:11:2019,12:00:00,305,305.000000,0.032167,0.459500,1.272000,1.362167,0.007000,0.132167,0.147333,0.480833,0.025167,1.870833,2.507167,0.772500,6,6,6,6,6,6,6,6,6,6,6,6,-25.898930,139.345960,46.500000,lev15,Almucantar
Birdsville,02:11:2019,12:00:00,306,306.000000,0.058000,0.740000,1.871000,1.159000,0.008000,0.139000,0.158000,0.512000,0.050000,2.163000,2.730000,0.658000,1,1,1,1,1,1,1,1,1,1,1,1,-25.898930,139.345960,46.500000,lev15,Almucantar
Birdsville,04:11:2019,12:00:00,308,308.000000,0.058000,1.206000,2.870000,1.021000,0.003000,0.116000,0.134000,0.570000,0.055000,2.536000,3.407000,0.727000,1,1,1,1,1,1,1,1,1,1,1,1,-25.898930,139.345960,46.500000,lev15,Almucantar
Birdsville,12:11:2019,12:00:00,316,316.000000,0.064000,0.852000,2.004000,1.105000,0.007000,0.143000,0.165000,0.549000,0.057000,2.053000,2.689000,0.713000,1,1,1,1,1,1,1,1,1,1,1,1,-25.898930,139.345960,46.500000,lev15,Almucantar
Birdsville,13:11:2019,12:00:00,317,317.000000,0.159000,0.985500,1.890500,0.900500,0.009000,0.108500,0.129000,0.638000,0.150000,1.802500,2.200000,0.626000,2,2,2,2,2,2,2,2,2,2,2,2,-25.898930,139.345960,46.500000,lev15,Almucantar
Birdsville,14:11:2019,12:00:00,318,318.000000,0.018667,0.652333,1.663667,1.228667,0.003000,0.154333,0.175333,0.509667,0.015667,2.026333,2.655667,0.707333,3,3,3,3,3,3,3,3,3,3,3,3,-25.898930,139.345960,46.500000,lev15,Almucantar
Birdsville,18:12:2019,12:00:00,352,352.000000,0.079778,0.426444,1.461111,1.506889,0.019778,0.116444,0.125111,0.394778,0.060000,2.560000,3.208333,0.632333,9,9,9,9,9,9,9,9,9,9,9,9,-25.898930,139.345960,46.500000,lev15,Almucantar
Birdsville,19:12:2019,12:00:00,353,353.000000,0.108750,0.375500,1.157750,1.525750,0.033000,0.128250,0.137750,0.394750,0.075750,2.282250,2.928500,0.671000,4,4,4,4,4,4,4,4,4,4,4,4,-25.898930,139.345960,46.500000,lev15,Almucantar
Birdsville,20:12:2019,12:00:00,354,354.000000,0.071000,0.440500,1.274500,1.426500,0.018500,0.136000,0.150000,0.458500,0.052500,2.056500,2.701000,0.712000,2,2,2,2,2,2,2,2,2,2,2,2,-25.898930,139.345960,46.500000,lev15,Almucantar
Birdsville,21:12:2019,12:00:00,355,355.000000,0.114400,0.221400,0.437200,1.454000,0.075600,0.148600,0.159600,0.384000,0.039200,2.134200,2.789800,0.723200,5,5,5,5,5,5,5,5,5,5,5,5,-25.898930,139.345960,46.500000,lev15,Almucantar
Birdsville,22:12:2019,12:00:00,356,356.000000,0.152375,0.234750,0.509000,1.508250,0.096125,0.145375,0.155375,0.370625,0.056625,2.215875,2.896750,0.714375,8,8,8,8,8,8,8,8,8,8,8,8,-25.898930,139.345960,46.500000,lev15,Almucantar
Birdsville,23:12:2019,12:00:00,357,357.000000,0.271286,0.514143,1.463714,1.348000,0.057000,0.127286,0.137286,0.397571,0.214286,2.197571,2.724286,0.634286,7,7,7,7,7,7,7,7,7,7,7,7,-25.898930,139.345960,46.500000,lev15,Almucantar
Birdsville,24:12:2019,12:00:00,358,358.000000,0.210500,0.470750,1.290000,1.350250,0.049750,0.135250,0.147750,0.436750,0.160750,2.006500,2.514750,0.658500,4,4,4,4,4,4,4,4,4,4,4,4,-25.898930,139.345960,46.500000,lev15,Almucantar
Birdsville,25:12:2019,12:00:00,359,359.000000,0.161667,0.517667,1.457333,1.364667,0.036333,0.142000,0.153333,0.401333,0.125333,2.180000,2.794333,0.682333,3,3,3,3,3,3,3,3,3,3,3,3,-25.898930,139.345960,46.500000,lev15,Almucantar
Birdsville,26:12:2019,12:00:00,360,360.000000,0.108000,0.382333,1.132333,1.536667,0.036000,0.142333,0.152333,0.378667,0.072000,2.379000,3.077667,0.676333,3,3,3,3,3,3,3,3,3,3,3,3,-25.898930,139.345960,46.500000,lev15,Almucantar
Birdsville,27:12:2019,12:00:00,361,361.000000,0.080600,0.330000,0.879800,1.526400,0.038400,0.152400,0.169800,0.473200,0.041400,2.585600,3.181600,0.620200,5,5,5,5,5,5,5,5,5,5,5,5,-25.898930,139.345960,46.500000,lev15,Almucantar
Birdsville,28:12:2019,12:00:00,362,362.000000,0.040200,0.343400,0.974000,1.562200,0.015800,0.144800,0.157000,0.410800,0.024800,2.159600,2.968800,0.755800,5,5,5,5,5,5,5,5,5,5,5,5,-25.898930,139.345960,46.500000,lev15,Almucantar
Birdsville,29:12:2019,12:00:00,363,363.000000,0.061750,0.356000,1.058000,1.578000,0.022000,0.140750,0.153000,0.416250,0.039750,2.224000,3.068750,0.759250,4,4,4,4,4,4,4,4,4,4,4,4,-25.898930,139.345960,46.500000,lev15,Almucantar
Birdsville,30:12:2019,12:00:00,364,364.000000,0.045750,0.424250,1.364750,1.517500,0.012000,0.130750,0.142500,0.432500,0.033750,2.269750,3.098000,0.746250,4,4,4,4,4,4,4,4,4,4,4,4,-25.898930,139.345960,46.500000,lev15,Almucantar
Birdsville,31:12:2019,12:00:00,365,365.000000,0.214667,0.648667,1.712000,1.261667,0.026000,0.121000,0.134000,0.469000,0.189000,2.240000,2.823333,0.651000,3,3,3,3,3,3,3,3,3,3,3,3,-25.898930,139.345960,46.500000,lev15,Almucantar
Birdsville,01:01:2020,12:00:00,1,1.000000,0.397750,0.797250,1.888750,1.012375,0.031875,0.099250,0.113750,0.565375,0.365875,2.033250,2.418125,0.574250,8,8,8,8,8,8,8,8,8,8,8,8,-25.898930,139.345960,46.500000,lev15,Almucantar
Birdsville,02:01:2020,12:00:00,2,2.000000,0.108250,0.599125,1.762875,1.282500,0.016125,0.116375,0.129000,0.477375,0.091875,2.188750,2.808750,0.680000,8,8,8,8,8,8,8,8,8,8,8,8,-25.898930,139.345960,46.500000,lev15,Almucantar
Birdsville,03:01:2020,12:00:00,3,3.000000,0.139750,0.683750,1.931500,1.184500,0.015500,0.104250,0.117000,0.515500,0.124250,2.140500,2.725250,0.677000,4,4,4,4,4,4,4,4,4,4,4,4,-25.898930,139.345960,46.500000,lev15,Almucantar
Birdsville,04:01:2020,12:00:00,4,4.000000,0.113000,0.719000,2.085000,1.238500,0.015500,0.132000,0.147000,0.477000,0.097500,2.472500,3.178000,0.669000,2,2,2,2,2,2,2,2,2,2,2,2,-25.898930,139.345960,46.500000,lev15,Almucantar
Birdsville,05:01:2020,12:00:00,5,5.000000,0.184600,0.545600,1.522000,1.325800,0.023600,0.122800,0.135000,0.466800,0.161000,2.192000,2.802800,0.661200,5,5,5,5,5,5,5,5,5,5,5,5,-25.898930,139.345960,46.500000,lev15,Almucantar
Birdsville,07:01:2020,12:00:00,7,7.000000,0.319833,0.705833,1.556000,1.139167,0.066500,0.194833,0.222167,0.504333,0.253167,2.229167,2.612333,0.560167,6,6,6,6,6,6,6,6,6,6,6,6,-25.898930,139.345960,46.500000,lev15,Almucantar
Birdsville,08:01:2020,12:00:00,8,8.000000,0.149400,0.717800,1.771000,1.198000,0.028000,0.179600,0.204800,0.504200,0.121400,2.391400,2.935000,0.612400,5,5,5,5,5,5,5,5,5,5,5,5,-25.898930,139.345960,46.500000,lev15,Almucantar
Birdsville,09:01:2020,12:00:00,9,9.000000,0.041500,0.412500,1.228500,1.504500,0.013500,0.147500,0.165000,0.486000,0.028500,2.374000,3.103000,0.695000,2,2,2,2,2,2,2,2,2,2,2,2,-25.898930,139.345960,46.500000,lev15,Almucantar
Birdsville,10:01:2020,12:00:00,10,10.000000,0.061750,0.512625,1.481000,1.407250,0.016500,0.162000,0.182875,0.497500,0.045250,2.605000,3.245750,0.630125,8,8,8,8,8,8,8,8,8,8,8,8,-25.898930,139.345960,46.500000,lev15,Almucantar
Birdsville,12:01:2020,12:00:00,12,12.000000,0.362000,1.071600,2.069200,0.869400,0.017800,0.112600,0.138200,0.675000,0.344400,1.978800,2.394200,0.599800,5,5,5,5,5,5,5,5,5,5,5,5,-25.898930,139.345960,46.500000,lev15,Almucantar
Birdsville,13:01:2020,12:00:00,13,13.000000,0.092000,0.792250,1.598500,0.960500,0.007500,0.113250,0.132250,0.587500,0.084750,1.658000,1.998250,0.613750,4,4,4,4,4,4,4,4,4,4,4,4,-25.898930,139.345960,46.500000,lev15,Almucantar
Birdsville,14:01:2020,12:00:00,14,14.000000,0.174000,0.919000,2.045000,1.003000,0.014500,0.134000,0.152000,0.515500,0.159500,2.167000,2.639000,0.593000,2,2,2,2,2,2,2,2,2,2,2,2,-25.898930,139.345960,46.500000,lev15,Almucantar
Birdsville,15:01:2020,12:00:00,15,15.000000,0.243286,1.029143,2.356571,1.019429,0.017143,0.113000,0.126571,0.498286,0.225857,2.449571,2.985714,0.599000,7,7,7,7,7,7,7,7,7,7,7,7,-25.898930,139.345960,46.500000,lev15,Almucantar
Birdsville,17:01:2020,12:00:00,17,17.000000,0.245875,0.775375,1.819000,1.087000,0.025125,0.124500,0.146125,0.586125,0.220750,2.036750,2.522750,0.621250,8,8,8,8,8,8,8,8,8,8,8,8,-25.898930,139.345960,46.500000,lev15,Almucantar
Birdsville,18:01:2020,12:00:00,18,18.000000,0.061571,0.869000,2.045000,1.087714,0.006571,0.142571,0.164714,0.539714,0.055286,2.162571,2.754714,0.663571,7,7,7,7,7,7,7,7,7,7,7,7,-25.898930,139.345960,46.500000,lev15,Almucantar
Birdsville,19:01:2020,12:00:00,19,19.000000,0.095667,1.050667,2.625333,1.107000,0.008667,0.154000,0.176667,0.524000,0.087000,2.558333,3.445667,0.716000,3,3,3,3,3,3,3,3,3,3,3,3,-25.898930,139.345960,46.500000,lev15,Almucantar
Birdsville,20:01:2020,12:00:00,20,20.000000,0.052714,0.859571,2.096714,1.141571,0.007000,0.169429,0.191286,0.480714,0.045571,2.280571,3.002857,0.697571,7,7,7,7,7,7,7,7,7,7,7,7,-25.898930,139.345960,46.500000,lev15,Almucantar
Birdsville,08:09:2020,12:00:00,252,252.000000,0.026333,0.499667,1.495444,1.411778,0.005889,0.135333,0.152778,0.512889,0.020444,2.072667,2.857111,0.770000,9,9,9,9,9,9,9,9,9,9,9,9,-25.898930,139.345960,46.500000,lev15,Almucantar
Birdsville,09:09:2020,12:00:00,253,253.000000,0.026000,0.489455,1.432364,1.408364,0.005818,0.131909,0.148727,0.509182,0.020182,2.021818,2.758091,0.762000,11,11,11,11,11,11,11,11,11,11,11,11,-25.898930,139.345960,46.500000,lev15,Almucantar
Birdsville,10:09:2020,12:00:00,254,254.000000,0.031083,0.450250,1.361750,1.443750,0.007333,0.131000,0.146167,0.487250,0.023333,2.059083,2.791250,0.751500,12,12,12,12,12,12,12,12,12,12,12,12,-25.898930,139.345960,46.500000,lev15,Almucantar
Birdsville,11:09:2020,12:00:00,255,255.000000,0.018000,0.387909,1.072455,1.463545,0.005364,0.141000,0.157364,0.481636,0.012364,1.839091,2.535273,0.788364,11,11,11,11,11,11,11,11,11,11,11,11,-25.898930,139.345960,46.500000,lev15,Almucantar
Birdsville,12:09:2020,12:00:00,256,256.000000,0.015727,0.394727,1.219727,1.535727,0.004818,0.138727,0.158091,0.521091,0.010727,2.356273,3.170182,0.729818,11,11,11,11,11,11,11,11,11,11,11,11,-25.898930,139.345960,46.500000,lev15,Almucantar
Birdsville,13:09:2020,12:00:00,257,257.000000,0.023182,0.446818,1.308000,1.448364,0.006182,0.140273,0.157818,0.498273,0.017000,2.070091,2.812273,0.751818,11,11,11,11,11,11,11,11,11,11,11,11,-25.898930,139.345960,46.500000,lev15,Almucantar
Birdsville,14:09:2020,12:00:00,258,258.000000,0.026800,0.387400,1.139400,1.493800,0.008000,0.134800,0.151000,0.486800,0.018600,1.969400,2.703400,0.770400,5,5,5,5,5,5,5,5,5,5,5,5,-25.898930,139.345960,46.500000,lev15,Almucantar
Birdsville,15:09:2020,12:00:00,259,259.000000,0.021750,0.431500,1.182750,1.451750,0.006500,0.156625,0.178000,0.505750,0.015125,2.031000,2.756875,0.772125,8,8,8,8,8,8,8,8,8,8,8,8,-25.898930,139.345960,46.500000,lev15,Almucantar
Birdsville,16:09:2020,12:00:00,260,260.000000,0.025400,0.404800,1.191800,1.487800,0.007000,0.134200,0.151200,0.501200,0.018200,1.918400,2.693200,0.803200,5,5,5,5,5,5,5,5,5,5,5,5,-25.898930,139.345960,46.500000,lev15,Almucantar
Birdsville,17:09:2020,12:00:00,261,261.000000,0.022000,0.394500,1.076000,1.427000,0.006500,0.134500,0.151500,0.506500,0.015500,1.732000,2.354000,0.775000,2,2,2,2,2,2,2,2,2,2,2,2,-25.898930,139.345960,46.500000,lev15,Almucantar
Birdsville,19:09:2020,12:00:00,263,263.000000,0.027857,0.447286,1.340571,1.475429,0.006429,0.138571,0.155286,0.485286,0.021429,2.095143,2.919429,0.783571,7,7,7,7,7,7,7,7,7,7,7,7,-25.898930,139.345960,46.500000,lev15,Almucantar
Birdsville,20:09:2020,12:00:00,264,264.000000,0.032091,0.535000,1.698909,1.417545,0.006727,0.131636,0.147091,0.486909,0.025545,2.367455,3.200182,0.728455,11,11,11,11,11,11,11,11,11,11,11,11,-25.898930,139.345960,46.500000,lev15,Almucantar
Birdsville,22:09:2020,12:00:00,266,266.000000,0.041727,0.580818,1.746636,1.359727,0.008000,0.136727,0.152455,0.479909,0.034000,2.286182,3.069182,0.727636,11,11,11,11,11,11,11,11,11,11,11,11,-25.898930,139.345960,46.500000,lev15,Almucantar
Birdsville,23:09:2020,12:00:00,267,267.000000,0.018091,0.308727,0.720273,1.454818,0.008091,0.155000,0.173091,0.481364,0.010091,1.703818,2.335636,0.808182,11,11,11,11,11,11,11,11,11,11,11,11,-25.898930,139.345960,46.500000,lev15,Almucantar
Birdsville,24:09:2020,12:00:00,268,268.000000,0.016571,0.231571,0.434857,1.342571,0.010429,0.152143,0.168857,0.468714,0.006429,1.559571,2.028714,0.759571,7,7,7,7,7,7,7,7,7,7,7,7,-25.898930,139.345960,46.500000,lev15,Almucantar
Birdsville,25:09:2020,12:00:00,269,269.000000,0.046333,0.596333,1.755167,1.352167,0.009333,0.146500,0.162000,0.456167,0.037000,2.404500,3.163000,0.693667,6,6,6,6,6,6,6,6,6,6,6,6,-25.898930,139.345960,46.500000,lev15,Almucantar
Birdsville,26:09:2020,12:00:00,270,270.000000,0.058364,0.660182,1.700000,1.272091,0.008273,0.137909,0.152727,0.462364,0.050091,2.170091,2.820455,0.700091,11,11,11,11,11,11,11,11,11,11,11,11,-25.898930,139.345960,46.500000,lev15,Almucantar
Birdsville,27:09:2020,12:00:00,271,271.000000,0.015200,0.314900,0.763000,1.453500,0.006600,0.149400,0.167100,0.485100,0.008600,1.849800,2.493600,0.770700,10,10,10,10,10,10,10,10,10,10,10,10,-25.898930,139.345960,46.500000,lev15,Almucantar
Birdsville,28:09:2020,12:00:00,272,272.000000,0.023800,0.506300,1.464100,1.397200,0.005400,0.143100,0.159900,0.482700,0.018300,2.095800,2.845200,0.748900,10,10,10,10,10,10,10,10,10,10,10,10,-25.898930,139.345960,46.500000,lev15,Almucantar
Birdsville,30:09:2020,12:00:00,274,274.000000,0.020400,0.309200,0.762800,1.451900,0.008800,0.145500,0.159900,0.443900,0.011700,1.814300,2.436900,0.770600,10,10,10,10,10,10,10,10,10,10,10,10,-25.898930,139.345960,46.500000,lev15,Almucantar
Birdsville,01:10:2020,12:00:00,275,275.000000,0.017538,0.239923,0.515923,1.471231,0.010077,0.144462,0.160615,0.478000,0.007538,1.712231,2.371154,0.820615,13,13,13,13,13,13,13,13,13,13,13,13,-25.898930,139.345960,46.500000,lev15,Almucantar
Birdsville,02:10:2020,12:00:00,276,276.000000,0.020000,0.268400,0.678200,1.503500,0.009500,0.136800,0.153900,0.505500,0.010400,2.022900,2.687200,0.749000,10,10,10,10,10,10,10,10,10,10,10,10,-25.898930,139.345960,46.500000,lev15,Almucantar
Birdsville,03:10:2020,12:00:00,277,277.000000,0.029400,0.406600,1.240300,1.480800,0.008300,0.128500,0.143600,0.493400,0.021500,2.021200,2.746100,0.757800,10,10,10,10,10,10,10,10,10,10,10,10,-25.898930,139.345960,46.500000,lev15,Almucantar
Birdsville,04:10:2020,12:00:00,278,278.000000,0.049111,0.539222,1.623889,1.400333,0.010111,0.135222,0.150778,0.482000,0.039000,2.284556,3.073111,0.727000,9,9,9,9,9,9,9,9,9,9,9,9,-25.898930,139.345960,46.500000,lev15,Almucantar
Birdsville,27:11:2020,12:00:00,332,332.000000,0.028833,0.516333,1.699500,1.428667,0.005833,0.126833,0.141500,0.493167,0.023000,2.373833,3.209500,0.721500,6,6,6,6,6,6,6,6,6,6,6,6,-25.898930,139.345960,46.500000,lev15,Almucantar
Birdsville,28:11:2020,12:00:00,333,333.000000,0.049571,0.472857,1.573000,1.485429,0.011857,0.117429,0.130000,0.468571,0.037286,2.357000,3.188143,0.728286,7,7,7,7,7,7,7,7,7,7,7,7,-25.898930,139.345960,46.500000,lev15,Almucantar
Birdsville,29:11:2020,12:00:00,334,334.000000,0.039000,0.430800,1.439400,1.497400,0.009200,0.119800,0.132200,0.473800,0.029600,2.225800,3.028800,0.741400,5,5,5,5,5,5,5,5,5,5,5,5,-25.898930,139.345960,46.500000,lev15,Almucantar
Birdsville,30:11:2020,12:00:00,335,335.000000,0.040889,0.605111,1.867778,1.323000,0.006444,0.121889,0.137556,0.515889,0.034444,2.288000,3.040889,0.717222,9,9,9,9,9,9,9,9,9,9,9,9,-25.898930,139.345960,46.500000,lev15,Almucantar
Birdsville,01:12:2020,12:00:00,336,336.000000,0.107667,0.802333,1.931222,1.142444,0.008000,0.112444,0.128556,0.540111,0.099444,2.159889,2.767444,0.667000,9,9,9,9,9,9,9,9,9,9,9,9,-25.898930,139.345960,46.500000,lev15,Almucantar
Birdsville,02:12:2020,12:00:00,337,337.000000,0.108000,1.204500,2.388000,0.927000,0.006000,0.142000,0.169500,0.608500,0.102000,2.165000,2.794000,0.673000,2,2,2,2,2,2,2,2,2,2,2,2,-25.898930,139.345960,46.500000,lev15,Almucantar
Birdsville,03:12:2020,12:00:00,338,338.000000,0.056429,0.746286,1.930000,1.203000,0.007143,0.132857,0.153286,0.545714,0.049143,2.143857,2.821000,0.710143,7,7,7,7,7,7,7,7,7,7,7,7,-25.898930,139.345960,46.500000,lev15,Almucantar
Birdsville,04:12:2020,12:00:00,339,339.000000,0.073000,0.732000,2.144000,1.238000,0.009000,0.125000,0.142000,0.522000,0.064000,2.360000,3.156000,0.715000,1,1,1,1,1,1,1,1,1,1,1,1,-25.898930,139.345960,46.500000,lev15,Almucantar
Birdsville,05:12:2020,12:00:00,340,340.000000,0.044000,0.401000,1.253000,1.498000,0.012000,0.123000,0.135000,0.461000,0.033000,2.026000,2.761000,0.763000,1,1,1,1,1,1,1,1,1,1,1,1,-25.898930,139.345960,46.500000,lev15,Almucantar
Birdsville,08:12:2020,12:00:00,343,343.000000,0.024600,0.709200,1.754000,1.210800,0.003800,0.157000,0.181400,0.536400,0.020800,1.944800,2.646600,0.759400,5,5,5,5,5,5,5,5,5,5,5,5,-25.898930,139.345960,46.500000,lev15,Almucantar
Birdsville,09:12:2020,12:00:00,344,344.000000,0.022000,0.632000,1.450000,1.213000,0.004000,0.167000,0.191000,0.515000,0.018000,1.683000,2.281000,0.786000,1,1,1,1,1,1,1,1,1,1,1,1,-25.898930,139.345960,46.500000,lev15,Almucantar
Birdsville,11:12:2020,12:00:00,346,346.000000,0.035250,1.049500,2.733000,1.099000,0.003250,0.142750,0.166250,0.559250,0.032000,2.699000,3.578500,0.683000,4,4,4,4,4,4,4,4,4,4,4,4,-25.898930,139.345960,46.500000,lev15,Almucantar
Birdsville,14:12:2020,12:00:00,349,349.000000,0.022000,0.454000,1.314000,1.391000,0.005000,0.126000,0.142000,0.512000,0.017000,1.888000,2.521000,0.743000,1,1,1,1,1,1,1,1,1,1,1,1,-25.898930,139.345960,46.500000,lev15,Almucantar
